1 1.247692302392663
2 0.6855750404954738
3 0.6614742097148423
4 0.628075467488741
5 0.5935015798204237
6 0.5514570664232783
7 0.5194181054318082
8 0.4846638061968374
9 0.45562578853553104
10 0.4305394351982902
11 0.4160401580837888
12 0.40137624403099254
13 0.3907920118699226
14 0.38290935154730343
15 0.37355092153684283
16 0.3684305268519958
17 0.3602732705355861
18 0.3599147142047849
19 0.3559684713676509
20 0.35305128432672356
21 0.35082956115479697
22 0.3445798180438609
23 0.3402227254647818
24 0.341277055266637
25 0.3394386242556451
26 0.34040193993114515
27 0.3368985641278775
28 0.33726705433778237
29 0.3373405959737258
30 0.3372110117838333
31 0.33202173060349754
32 0.3305742978538548
33 0.32839365070548776
34 0.32752088566492643
35 0.32794579847545713
36 0.32639465903332066
37 0.3251306052940801
38 0.32145546994493013
39 0.32226359189337683
40 0.3201266015974335
41 0.3203375506306677
42 0.3182177438690775
43 0.31960857685292615
44 0.3194797901658915
45 0.3184565419276929
46 0.3186604501446699
47 0.31504202606696247
48 0.31464387731180116
49 0.3140928342679109
50 0.31497514055446796
51 0.3142039045113141
52 0.31397426798028893
53 0.31105470157108933
54 0.31201490246684993
55 0.30910275355800826
56 0.31039210552737273
57 0.31046915114095547
58 0.31126349709170836
59 0.3088661143783647
60 0.30986529133977125
61 0.3098081748222359
62 0.3068374815331426
63 0.3086175751347783
64 0.30669432539661046
65 0.3067739692962933
66 0.30554420792227477
67 0.3057177223985009
68 0.30593598955412865
69 0.3039967355958168
70 0.3062783658363124
71 0.30345501270375075
72 0.30322326498320246
73 0.30440105296340525
74 0.30405757170479647
75 0.30311460564283876
76 0.3023019303911951
77 0.30189331041930956
78 0.30042375317065334
79 0.3011591548374998
80 0.3033778051933154
81 0.29983738153707173
82 0.30139851802126405
83 0.303160869870838
84 0.29948453300508954
85 0.30141524735194847
86 0.2985173437660228
87 0.2983276020270327
88 0.29977961646009593
89 0.2980074514050918
90 0.2993624246364592
91 0.2985400051489233
92 0.2983462428751812
93 0.29751839869145885
94 0.2981043835169426
95 0.29723961179357156
96 0.29726436980868315
97 0.29698906352605825
98 0.29556831490286134
99 0.29599910278047376
100 0.2952391836241315
101 0.29387996581809556
102 0.29285216202770425
103 0.2966228354288977
104 0.29444492377217135
105 0.29487126760983
106 0.2945564117829367
107 0.2943660579147985
108 0.29294149997220587
109 0.29303295907750243
110 0.2921295528100324
111 0.2935392399423531
112 0.29312923817465364
113 0.29141934522501994
114 0.2933484041628201
115 0.29127798698496216
116 0.2938893992489269
117 0.29106144861952155
118 0.2922033592441013
119 0.29513237014712385
120 0.2909657873133785
121 0.2926412696624007
122 0.291001412999122
123 0.2921473193835671
124 0.2902605141616149
125 0.2909866888658721
126 0.2890390889625627
127 0.2913886185678952
128 0.28911838505886234
129 0.2889229066019742
130 0.2925979598987718
131 0.29158549111088683
132 0.28940497756070366
133 0.29222613080487964
134 0.288659066362753
135 0.28860407932299287
136 0.2908452485212947
137 0.29011769771511076
138 0.2875470904579792
139 0.28850542084610514
140 0.2884916061890663
141 0.2885338668019769
142 0.2885294531460045
143 0.2882133608092786
144 0.2885806472479387
145 0.2894530100693543
146 0.286904771861722
147 0.28837771944736024
148 0.2873303356231736
149 0.28621317306203353
150 0.2858201542614505
